010000 0.526 0.236069 0.238169
010000 0.504 0.253744 0.242075
010500 0.549 0.228788 0.221869
011000 0.518 0.250644 0.231238
011500 0.568 0.204888 0.226669
012000 0.565 0.214656 0.220756
012500 0.564 0.197481 0.238656
013000 0.544 0.231706 0.224356
013500 0.518 0.246756 0.235288
014000 0.532 0.232025 0.236175
014500 0.528 0.229425 0.242781
015000 0.529 0.242244 0.229187
