010000 0.437 0.303950 0.259263
010000 0.468 0.297281 0.234831
010500 0.437 0.312206 0.251150
011000 0.451 0.291963 0.257406
011500 0.450 0.286456 0.263925
012000 0.434 0.294825 0.271156
012500 0.435 0.306475 0.258900
013000 0.443 0.301312 0.255306
013500 0.434 0.308837 0.256869
014000 0.447 0.298406 0.254256
014500 0.441 0.299319 0.259519
015000 0.425 0.302331 0.272700
