010000 0.384 0.342112 0.274000
010000 0.408 0.331313 0.260688
010500 0.369 0.345669 0.285237
011000 0.370 0.359425 0.270806
011500 0.400 0.347137 0.252531
012000 0.382 0.343531 0.274150
012500 0.400 0.331381 0.268319
013000 0.376 0.344019 0.280363
013500 0.399 0.336681 0.264169
014000 0.378 0.343656 0.278363
014500 0.388 0.334544 0.277900
015000 0.375 0.342400 0.282525
