010000 0.315 0.398738 0.286525
010000 0.347 0.362900 0.289650
010500 0.336 0.373487 0.290569
011000 0.356 0.371481 0.272450
011500 0.331 0.380656 0.288137
012000 0.341 0.385837 0.272863
012500 0.341 0.372631 0.286481
013000 0.343 0.379900 0.277200
013500 0.360 0.373375 0.267087
014000 0.324 0.391531 0.284625
014500 0.346 0.365063 0.288450
015000 0.328 0.383362 0.288637
