010000 0.469 0.251894 0.278875
010000 0.498 0.262062 0.239913
010500 0.492 0.260750 0.247713
011000 0.507 0.261269 0.231475
011500 0.509 0.266231 0.224938
012000 0.493 0.259519 0.247244
012500 0.486 0.243025 0.271037
013000 0.507 0.253887 0.238962
013500 0.501 0.264494 0.234069
014000 0.490 0.267037 0.242737
014500 0.502 0.244675 0.253781
015000 0.497 0.271813 0.231669
