010000 0.360 0.360963 0.279519
010000 0.357 0.354381 0.289038
010500 0.369 0.368744 0.262263
011000 0.360 0.347294 0.292256
011500 0.360 0.349969 0.289706
012000 0.366 0.374319 0.259675
012500 0.358 0.373606 0.268537
013000 0.375 0.353212 0.271531
013500 0.361 0.358800 0.280587
014000 0.377 0.340112 0.282944
014500 0.358 0.363369 0.278181
015000 0.353 0.375462 0.271413
