010000 0.441 0.305969 0.253012
010000 0.426 0.311175 0.262781
010500 0.409 0.327062 0.263531
011000 0.390 0.329200 0.280631
011500 0.383 0.340881 0.276175
012000 0.398 0.325156 0.277156
012500 0.388 0.331219 0.280313
013000 0.416 0.311675 0.272688
013500 0.398 0.317119 0.284656
014000 0.424 0.307019 0.269244
014500 0.406 0.323100 0.270713
015000 0.411 0.324087 0.264531
