010000 0.471 0.279444 0.249631
010000 0.481 0.262638 0.256269
010500 0.456 0.284469 0.259469
011000 0.469 0.286019 0.244663
011500 0.473 0.279481 0.247762
012000 0.444 0.298469 0.257744
012500 0.470 0.282769 0.246806
013000 0.439 0.291900 0.269137
013500 0.486 0.255887 0.257981
014000 0.461 0.280000 0.258550
014500 0.462 0.284306 0.253800
015000 0.482 0.270056 0.248119
