010000 0.518 0.134300 0.347425
010000 0.515 0.161806 0.323231
010500 0.705 0.069869 0.225019
011000 0.719 0.087288 0.193506
011500 0.659 0.106294 0.234625
012000 0.605 0.087606 0.306950
012500 0.557 0.115006 0.328062
013000 0.634 0.139431 0.226425
013500 0.682 0.138956 0.179450
014000 0.349 0.095356 0.555412
014500 0.439 0.065044 0.495919
015000 0.629 0.109088 0.261606
