010000 0.573 0.143144 0.283894
010000 0.594 0.152550 0.253188
010500 0.560 0.109969 0.330100
011000 0.574 0.095488 0.330069
011500 0.634 0.129156 0.236869
012000 0.584 0.169119 0.246394
012500 0.649 0.128150 0.223331
013000 0.607 0.176906 0.216312
013500 0.516 0.156994 0.326925
014000 0.607 0.140175 0.253044
014500 0.597 0.149450 0.253156
015000 0.685 0.103962 0.210981
