010000 0.588 0.203937 0.207850
010000 0.596 0.203806 0.200369
010500 0.563 0.199150 0.237481
011000 0.560 0.197125 0.242381
011500 0.570 0.202863 0.227131
012000 0.588 0.178063 0.234006
012500 0.576 0.200181 0.223944
013000 0.560 0.197175 0.243106
013500 0.538 0.202313 0.259806
014000 0.535 0.233644 0.231200
014500 0.557 0.202819 0.240081
015000 0.570 0.205331 0.224412
