010000 0.624 0.173950 0.202237
010000 0.554 0.145937 0.300544
010500 0.573 0.140781 0.286450
011000 0.654 0.124137 0.222144
011500 0.533 0.191125 0.276137
012000 0.601 0.161175 0.237569
012500 0.606 0.133313 0.260456
013000 0.579 0.167575 0.253556
013500 0.596 0.167187 0.236987
014000 0.642 0.161806 0.196144
014500 0.597 0.186444 0.216406
015000 0.587 0.149506 0.263188
