010000 0.576 0.193438 0.230825
010000 0.613 0.175025 0.211712
010500 0.577 0.207150 0.216044
011000 0.639 0.153537 0.207244
011500 0.552 0.193925 0.253681
012000 0.605 0.190794 0.203981
012500 0.609 0.174000 0.216831
013000 0.600 0.208313 0.192050
013500 0.621 0.193206 0.185594
014000 0.596 0.182000 0.222125
014500 0.639 0.188037 0.172937
015000 0.610 0.172106 0.217531
