010000 0.498 0.261850 0.239725
010000 0.499 0.272825 0.228650
010000 0.457 0.267725 0.275100
010000 0.502 0.226975 0.270700
010000 0.449 0.277725 0.273375
010500 0.510 0.246750 0.243225
011000 0.487 0.278525 0.234000
011500 0.455 0.303425 0.241400
012000 0.461 0.276625 0.262825
012500 0.482 0.264250 0.253325
013000 0.448 0.276875 0.275250
013500 0.448 0.258700 0.292975
014000 0.497 0.294450 0.208700
014500 0.446 0.304875 0.249125
015000 0.513 0.240975 0.245575
