010000 0.398 0.321375 0.280900
010000 0.445 0.285850 0.269200
010000 0.437 0.292725 0.270475
010000 0.464 0.263800 0.271825
010000 0.433 0.289400 0.277775
010500 0.467 0.303550 0.229225
011000 0.412 0.371925 0.215900
011500 0.436 0.337950 0.225800
012000 0.459 0.286050 0.255225
012500 0.436 0.290800 0.273250
013000 0.461 0.315800 0.222725
013500 0.432 0.293200 0.274350
014000 0.455 0.265600 0.279050
014500 0.443 0.312050 0.244850
015000 0.405 0.300675 0.294275
