010000 0.560 0.258175 0.181800
010000 0.580 0.221750 0.198725
010000 0.580 0.197800 0.222575
010000 0.496 0.221975 0.281725
010000 0.432 0.272800 0.295150
010500 0.544 0.194275 0.261725
011000 0.527 0.266075 0.206725
011500 0.485 0.225625 0.288875
012000 0.571 0.181250 0.247700
012500 0.547 0.197800 0.254975
013000 0.532 0.248000 0.219550
013500 0.494 0.229425 0.276150
014000 0.565 0.227375 0.207550
014500 0.487 0.263375 0.249175
015000 0.546 0.220925 0.232650
