010000 0.373 0.357050 0.270150
010000 0.395 0.336325 0.268650
010000 0.359 0.340525 0.300675
010000 0.351 0.352450 0.297000
010000 0.424 0.337200 0.238925
010500 0.392 0.326325 0.281325
011000 0.345 0.366900 0.288200
011500 0.398 0.335550 0.266025
012000 0.439 0.309400 0.251225
012500 0.435 0.339650 0.224950
013000 0.394 0.318425 0.287400
013500 0.390 0.320750 0.289175
014000 0.383 0.352625 0.264175
014500 0.344 0.359725 0.296125
015000 0.346 0.373625 0.280650
