010000 0.361 0.326150 0.312500
010000 0.350 0.370650 0.278875
010000 0.320 0.398450 0.281800
010000 0.313 0.394825 0.291900
010000 0.372 0.320475 0.307750
010500 0.381 0.346025 0.273475
011000 0.339 0.384025 0.276975
011500 0.366 0.378675 0.255225
012000 0.380 0.371350 0.248700
012500 0.372 0.355875 0.271825
013000 0.317 0.415350 0.267525
013500 0.370 0.349525 0.280525
014000 0.370 0.353350 0.276975
014500 0.326 0.346350 0.327925
015000 0.375 0.355225 0.270025
