010000 0.402 0.363150 0.234400
010000 0.406 0.340950 0.252750
010000 0.406 0.309200 0.284600
010000 0.429 0.316725 0.254375
010000 0.419 0.316950 0.263825
010500 0.467 0.266150 0.267200
011000 0.437 0.291300 0.271325
011500 0.445 0.314025 0.241050
012000 0.388 0.324975 0.287400
012500 0.434 0.317550 0.248450
013000 0.444 0.294250 0.261975
013500 0.394 0.334500 0.271450
014000 0.451 0.314300 0.234225
014500 0.367 0.365425 0.267500
015000 0.385 0.302375 0.312525
