010000 0.350 0.382125 0.267675
010000 0.389 0.366950 0.244400
010000 0.345 0.410200 0.245250
010000 0.324 0.368925 0.307425
010000 0.335 0.382800 0.282050
010500 0.343 0.361350 0.296000
011000 0.358 0.366450 0.275525
011500 0.308 0.386750 0.305575
012000 0.367 0.385000 0.248200
012500 0.347 0.371000 0.281625
013000 0.339 0.387300 0.273500
013500 0.308 0.424100 0.267475
014000 0.378 0.332950 0.289525
014500 0.302 0.420025 0.278125
015000 0.317 0.347575 0.335175
