010000 0.518 0.248725 0.233575
010000 0.478 0.232525 0.289400
010000 0.528 0.257500 0.214925
010000 0.551 0.243050 0.206075
010000 0.436 0.279400 0.284350
010500 0.493 0.245475 0.261550
011000 0.520 0.262250 0.218025
011500 0.503 0.249900 0.246775
012000 0.530 0.244775 0.225300
012500 0.492 0.277275 0.230725
013000 0.476 0.279825 0.244500
013500 0.472 0.255075 0.273300
014000 0.462 0.289975 0.248150
014500 0.487 0.290575 0.222125
015000 0.539 0.240650 0.220025
