010000 0.585 0.137350 0.277875
010000 0.676 0.135250 0.188750
010000 0.637 0.136725 0.225925
010000 0.661 0.122225 0.216650
010000 0.528 0.237525 0.234600
010500 0.677 0.163450 0.159250
011000 0.587 0.174525 0.238725
011500 0.515 0.175350 0.309825
012000 0.615 0.196350 0.188975
012500 0.568 0.210350 0.221450
013000 0.467 0.150575 0.382125
013500 0.625 0.178325 0.196300
014000 0.534 0.170050 0.295675
014500 0.741 0.107500 0.151375
015000 0.627 0.139625 0.233625
