010000 0.589 0.175425 0.235775
010000 0.578 0.208175 0.213375
010000 0.613 0.202975 0.183875
010000 0.568 0.193150 0.239025
010000 0.598 0.209800 0.191900
010500 0.671 0.178475 0.150475
011000 0.492 0.211025 0.297350
011500 0.560 0.174775 0.264975
012000 0.576 0.217575 0.206900
012500 0.642 0.189575 0.168425
013000 0.501 0.227675 0.270875
013500 0.555 0.241000 0.203575
014000 0.582 0.185600 0.232100
014500 0.537 0.237575 0.225150
015000 0.613 0.205425 0.181900
