010000 0.606 0.209525 0.184950
010000 0.505 0.157075 0.338400
010000 0.635 0.175100 0.190325
010000 0.639 0.183450 0.177200
010000 0.513 0.195375 0.291250
010500 0.607 0.195625 0.197500
011000 0.539 0.226775 0.234550
011500 0.527 0.197350 0.275750
012000 0.609 0.188575 0.202825
012500 0.609 0.149675 0.241025
013000 0.618 0.135775 0.245800
013500 0.632 0.190800 0.177550
014000 0.636 0.170400 0.193125
014500 0.566 0.223725 0.210350
015000 0.627 0.202825 0.170075
