010000 0.710 0.198750 0.090950
010000 0.696 0.122050 0.182200
010000 0.568 0.193300 0.238925
010000 0.710 0.095875 0.193850
010000 0.619 0.149950 0.231075
010500 0.663 0.116350 0.220150
011000 0.411 0.177150 0.412125
011500 0.445 0.118225 0.436325
012000 0.495 0.105950 0.399025
012500 0.617 0.058325 0.324800
013000 0.540 0.064300 0.395875
013500 0.564 0.143250 0.292400
014000 0.717 0.117250 0.166250
014500 0.567 0.056550 0.376100
015000 0.563 0.161225 0.275625
