010000 0.343 0.378884 0.277678
010000 0.342 0.374344 0.283313
010500 0.338 0.370145 0.291661
011000 0.347 0.375517 0.277372
011500 0.346 0.374638 0.279183
012000 0.349 0.371423 0.280014
012500 0.347 0.363466 0.289348
013000 0.336 0.382506 0.281706
013500 0.334 0.383767 0.282597
014000 0.337 0.377780 0.284722
014500 0.341 0.379323 0.279431
015000 0.337 0.382203 0.281223
